{
 "cells": [
  {
   "cell_type": "code",
   "execution_count": 18,
   "id": "92e5b605-8504-4a74-a9f8-70ff6195b6b5",
   "metadata": {},
   "outputs": [],
   "source": [
    "# Import spacy and download language model"
   ]
  },
  {
   "cell_type": "code",
   "execution_count": 19,
   "id": "d590a7f5",
   "metadata": {},
   "outputs": [
    {
     "name": "stdout",
     "output_type": "stream",
     "text": [
      "\u001b[38;5;2m✔ Download and installation successful\u001b[0m\n",
      "You can now load the package via spacy.load('en_core_web_md')\n",
      "\u001b[38;5;3m⚠ Restart to reload dependencies\u001b[0m\n",
      "If you are in a Jupyter or Colab notebook, you may need to restart Python in\n",
      "order to load all the package's dependencies. You can do this by selecting the\n",
      "'Restart kernel' or 'Restart runtime' option.\n"
     ]
    }
   ],
   "source": [
    "import spacy\n",
    "spacy.cli.download(\"en_core_web_md\")\n"
   ]
  },
  {
   "cell_type": "code",
   "execution_count": 20,
   "id": "31ff1068-c106-4177-98ff-53c786dab4a2",
   "metadata": {},
   "outputs": [],
   "source": [
    "# Load the labguage model"
   ]
  },
  {
   "cell_type": "code",
   "execution_count": 21,
   "id": "be4476f7",
   "metadata": {},
   "outputs": [],
   "source": [
    "nlp = spacy.load(\"en_core_web_md\")"
   ]
  },
  {
   "cell_type": "code",
   "execution_count": 22,
   "id": "f9c1c1b5-1472-4334-8618-974f5fbc844f",
   "metadata": {},
   "outputs": [],
   "source": [
    "# Print the vector form of the NLP object - part 1"
   ]
  },
  {
   "cell_type": "code",
   "execution_count": 23,
   "id": "40f7b4bd",
   "metadata": {
    "scrolled": true
   },
   "outputs": [
    {
     "data": {
      "text/plain": [
       "array([-0.76275  , -0.2074   ,  0.32124  , -0.45817  , -0.36041  ,\n",
       "        0.60152  ,  0.74492  ,  0.079701 , -0.23428  ,  0.31224  ,\n",
       "       -0.43189  ,  0.20746  , -0.40774  , -0.2538   , -0.12308  ,\n",
       "       -0.39652  ,  0.2361   ,  0.20473  ,  0.49645  ,  0.26983  ,\n",
       "       -0.45623  ,  0.20879  , -0.0027486,  0.050435 , -0.003348 ,\n",
       "       -0.088146 , -0.53855  ,  0.42507  , -0.70535  , -0.31984  ,\n",
       "       -0.56023  , -0.042877 ,  0.31083  , -0.23038  ,  0.43657  ,\n",
       "        0.18436  ,  0.52997  , -0.1038   ,  0.010579 ,  0.5373   ,\n",
       "       -0.64911  ,  0.15171  , -0.13305  , -0.17798  ,  0.083277 ,\n",
       "       -0.15615  , -0.1446   , -0.27032  ,  0.19693  ,  0.22867  ,\n",
       "       -0.5745   ,  0.16468  ,  0.029028 ,  0.66735  , -0.13859  ,\n",
       "        0.51194  , -0.029928 ,  0.11792  , -0.15589  ,  0.69151  ,\n",
       "        0.19838  ,  0.032428 ,  0.37526  ,  0.099998 , -0.48631  ,\n",
       "       -0.13605  ,  0.5295   , -0.089214 ,  0.34458  ,  0.19393  ,\n",
       "        0.012607 , -0.1999   , -0.38105  , -0.05991  , -0.81039  ,\n",
       "        0.16744  , -0.71753  , -0.45249  , -0.15331  , -0.63738  ,\n",
       "       -0.65694  , -0.18735  ,  0.63503  ,  0.21831  ,  0.25238  ,\n",
       "       -0.28389  ,  0.92852  ,  0.27839  ,  0.23513  , -0.17551  ,\n",
       "        0.27253  , -0.069459 ,  0.28146  , -0.72036  , -0.21074  ,\n",
       "        0.2844   , -0.56551  , -0.088767 , -0.53687  ,  0.32924  ,\n",
       "        0.018555 ,  0.44599  ,  0.53125  ,  0.33813  , -0.2496   ,\n",
       "       -1.3837   , -0.6186   ,  0.16952  ,  0.41993  , -0.14406  ,\n",
       "        0.49195  , -0.44095  ,  0.22829  , -0.3835   ,  0.37375  ,\n",
       "        0.017091 ,  0.7226   , -0.059622 ,  0.18684  ,  0.38005  ,\n",
       "        0.49409  ,  0.048001 ,  0.64468  , -0.3216   , -0.36432  ,\n",
       "       -0.073444 , -0.016888 , -0.33217  , -0.87165  , -0.096356 ,\n",
       "        0.098888 , -0.8651   ,  0.0093075,  0.27166  ,  0.088393 ,\n",
       "       -0.39287  , -0.043349 , -0.1348   ,  0.25003  , -0.042534 ,\n",
       "       -1.6471   ,  0.13621  , -0.09254  ,  0.0056756,  0.73089  ,\n",
       "       -0.60677  , -0.098333 ,  0.31013  ,  0.24706  , -0.04379  ,\n",
       "       -0.32615  , -0.066207 ,  0.14114  , -0.77077  , -0.29903  ,\n",
       "        0.23375  , -0.34266  ,  0.39098  ,  0.57531  , -0.10536  ,\n",
       "        0.037208 ,  0.13038  , -0.5205   , -0.069537 ,  0.15813  ,\n",
       "        0.32067  , -0.26295  , -0.22167  ,  0.0075272,  0.20216  ,\n",
       "        0.026607 , -0.074615 ,  0.080685 ,  0.048114 , -0.66353  ,\n",
       "        0.22107  ,  0.24209  , -0.1021   ,  0.305    ,  0.14341  ,\n",
       "       -0.054846 , -0.11603  , -0.24537  ,  0.27788  , -0.2664   ,\n",
       "       -0.3657   ,  0.14288  , -0.73955  , -0.2029   , -0.46982  ,\n",
       "       -0.2818   ,  0.55073  , -0.20431  ,  0.46961  ,  0.14369  ,\n",
       "        0.25199  ,  0.54011  , -0.44682  ,  0.22835  , -0.56032  ,\n",
       "       -0.563    ,  0.28263  , -0.36653  ,  0.0044703,  0.41113  ,\n",
       "        0.45625  ,  0.2533   ,  0.10798  , -0.09376  , -0.47141  ,\n",
       "        0.074787 ,  0.6536   ,  0.11043  ,  0.33477  , -0.59218  ,\n",
       "       -0.45336  ,  0.15047  ,  0.70703  ,  0.31043  ,  0.48735  ,\n",
       "        0.36108  ,  0.027264 ,  0.01392  , -0.1515   , -0.29762  ,\n",
       "        0.17523  ,  0.96212  ,  0.36939  ,  0.26589  ,  0.10913  ,\n",
       "       -0.03072  , -0.23175  , -0.4      , -0.095803 , -0.024775 ,\n",
       "        0.14012  , -0.72798  , -0.13216  ,  0.39832  ,  0.030282 ,\n",
       "       -0.047631 , -0.060496 ,  0.12715  , -0.86461  , -0.20217  ,\n",
       "        0.32554  , -0.11635  , -0.099599 , -0.048509 , -0.45854  ,\n",
       "        0.098873 , -0.27002  , -0.25829  ,  0.10591  ,  0.38639  ,\n",
       "        0.077101 ,  0.5914   ,  0.32764  ,  0.15978  ,  0.081    ,\n",
       "        0.07582  ,  0.32709  , -0.015143 ,  0.2692   ,  0.14536  ,\n",
       "        0.49708  ,  0.20422  , -0.30185  , -0.74162  ,  0.28929  ,\n",
       "        0.29051  ,  0.026477 ,  0.23335  ,  0.11181  ,  0.42294  ,\n",
       "        0.72279  ,  0.33024  , -0.37637  ,  0.13693  , -0.50228  ,\n",
       "        0.062155 ,  0.43698  , -0.18967  , -0.43764  ,  0.44629  ,\n",
       "       -0.1434   ,  0.064268 , -0.56959  , -0.066664 , -0.46406  ,\n",
       "       -0.0044868, -0.062906 , -0.86369  , -0.16995  , -0.62189  ,\n",
       "        0.55016  ,  0.09481  , -0.042774 ,  0.17285  , -0.55231  ],\n",
       "      dtype=float32)"
      ]
     },
     "execution_count": 23,
     "metadata": {},
     "output_type": "execute_result"
    }
   ],
   "source": [
    "nlp(u\"lion\").vector"
   ]
  },
  {
   "cell_type": "code",
   "execution_count": 24,
   "id": "b7f8d067-e69e-49f1-9c03-92cb933320b1",
   "metadata": {},
   "outputs": [],
   "source": [
    "# Print the vector form of NLP object - part 2"
   ]
  },
  {
   "cell_type": "code",
   "execution_count": 25,
   "id": "cecd83f8",
   "metadata": {
    "scrolled": true
   },
   "outputs": [
    {
     "data": {
      "text/plain": [
       "array([-6.94020033e-01,  1.58611145e-02, -1.31228238e-01,  6.21812083e-02,\n",
       "        4.05597202e-05, -3.47845517e-02, -4.21845578e-02, -5.80964424e-02,\n",
       "        1.09446779e-01,  1.56369328e+00, -6.69677779e-02, -9.23822224e-02,\n",
       "       -5.66412881e-02, -2.91910041e-02, -1.16989985e-01,  1.19770557e-01,\n",
       "       -1.33154333e-01,  8.96073222e-01, -1.15053125e-01, -2.19642028e-01,\n",
       "       -7.50957727e-02,  8.52953419e-02,  7.72185549e-02, -2.42720231e-01,\n",
       "       -4.26411144e-02, -1.53336331e-01, -7.82310069e-02, -1.54722696e-02,\n",
       "       -1.15066133e-01, -2.89681107e-01, -2.46376812e-01,  2.07508236e-01,\n",
       "        1.47716761e-01, -8.41855854e-02,  1.78714678e-01,  5.95567822e-02,\n",
       "       -1.81891337e-01, -1.81888870e-03, -2.89108872e-01,  3.81378829e-02,\n",
       "        1.53617114e-01,  2.37255543e-02, -6.83389306e-02,  1.19936662e-02,\n",
       "        1.75429881e-01, -5.00784516e-02, -9.28705558e-02, -1.47582218e-01,\n",
       "        9.69353318e-02, -5.77277802e-02, -2.53912240e-01,  1.53563783e-01,\n",
       "       -3.99425551e-02, -1.34529337e-01,  3.47611122e-02, -1.25655662e-02,\n",
       "       -3.50155495e-02,  1.94376688e-02, -1.17474660e-01, -1.69374477e-02,\n",
       "       -2.08411124e-02, -1.57035217e-01, -3.55102569e-02,  1.52374536e-01,\n",
       "        2.78785452e-02, -3.26937214e-02, -3.53395529e-02, -4.25520018e-02,\n",
       "       -2.97222543e-03,  1.42758682e-01,  8.67799893e-02,  1.99488342e-01,\n",
       "        2.14009464e-01, -1.61162212e-01,  3.13722230e-02,  6.91526756e-02,\n",
       "       -6.80887024e-04,  1.07169323e-01,  3.79058756e-02, -4.03688811e-02,\n",
       "       -1.04293436e-01,  4.83866706e-02, -1.41198158e-01,  5.87588875e-03,\n",
       "        2.27260008e-01, -2.21472800e-01,  7.38630056e-01,  1.71093330e-01,\n",
       "        5.15591837e-02, -3.77504379e-02, -5.46165518e-02,  9.79111437e-03,\n",
       "        1.06709786e-01, -5.65729998e-02, -3.99111137e-02, -6.85107708e-02,\n",
       "       -1.97433271e-02,  9.12222604e-04,  1.48917437e-01, -1.49785876e-01,\n",
       "        7.67839998e-02,  5.61550073e-02, -1.79523304e-01,  1.73196346e-01,\n",
       "        1.23443112e-01, -1.23341775e+00,  1.25031546e-01, -2.59919167e-01,\n",
       "        9.33195278e-02, -1.83194354e-02, -8.12275708e-02, -1.32574335e-01,\n",
       "        5.36197796e-02, -1.96282893e-01,  1.09339118e-01, -6.83691129e-02,\n",
       "       -9.95551050e-02, -2.05120638e-01,  8.06122366e-03, -1.02990888e-01,\n",
       "        1.15050331e-01,  7.42377788e-02, -3.20982262e-02, -2.52224445e-01,\n",
       "       -9.44707766e-02, -2.53204964e-02,  1.24898568e-01, -1.58661842e-01,\n",
       "       -1.67260423e-01, -5.79212159e-02, -1.01896331e-01, -1.45072430e-01,\n",
       "       -3.87260020e-02,  1.47170365e-01,  1.89578980e-01, -1.78678967e-02,\n",
       "       -2.31392220e-01,  8.07632133e-02, -1.32469818e-01,  8.69677775e-03,\n",
       "       -1.60798216e+00, -7.89354928e-03,  5.16772233e-02,  5.34552187e-02,\n",
       "        9.32355523e-02, -1.33379549e-01,  3.39721143e-02,  5.98418862e-02,\n",
       "       -5.02997711e-02,  6.61523342e-02,  2.13010088e-02,  1.74629673e-01,\n",
       "        1.04929775e-01, -9.96326730e-02, -1.14052452e-01,  1.33651793e-01,\n",
       "       -6.96385577e-02,  1.59081772e-01,  2.01034546e-03, -3.50214422e-01,\n",
       "        2.99061332e-02,  4.55901176e-02,  1.19706526e-01,  9.55320001e-02,\n",
       "       -1.26362219e-02, -5.76792210e-02,  4.94024009e-02,  4.46550809e-02,\n",
       "       -7.66722262e-02, -2.89455563e-01,  1.79977566e-01, -5.93178868e-02,\n",
       "        1.24608893e-02, -1.91235572e-01, -5.99905588e-02, -1.83483347e-01,\n",
       "       -9.73006785e-02, -4.29035611e-02,  1.08723998e-01,  2.68169236e-03,\n",
       "       -4.29504439e-02, -8.50822628e-02, -2.63176650e-01, -6.42965585e-02,\n",
       "       -2.46044621e-02,  1.49338953e-02,  4.79321107e-02, -1.56168878e-01,\n",
       "        3.51448394e-02, -5.16634025e-02,  1.39505446e-01, -1.21088691e-01,\n",
       "        4.90121096e-02,  2.38273218e-02, -1.76378667e-01, -9.47415531e-02,\n",
       "        1.05563335e-01, -1.05678678e-01, -7.11308718e-02, -9.58266482e-03,\n",
       "       -1.03523105e-01,  2.62317061e-02, -1.75387546e-01, -3.77297811e-02,\n",
       "        8.31574500e-02, -3.64822298e-02, -7.59730041e-02, -6.24634475e-02,\n",
       "       -1.63587797e-02,  5.06123453e-02, -1.30701989e-01, -3.09784487e-02,\n",
       "        4.16241027e-02,  9.47477669e-02, -5.76488823e-02,  1.95656680e-02,\n",
       "       -3.59100103e-03, -1.22440010e-01, -8.17583427e-02,  1.64477769e-02,\n",
       "       -2.40367018e-02,  9.58391204e-02, -1.47125542e-01, -1.55134037e-01,\n",
       "       -6.04211092e-02, -1.90813765e-01, -9.77427810e-02,  8.91315565e-02,\n",
       "        5.19622229e-02,  2.16976672e-01,  3.45833339e-02, -8.37994441e-02,\n",
       "        1.10041231e-01, -9.96371061e-02, -2.52194479e-02, -5.02731055e-02,\n",
       "       -5.14262654e-02, -8.87020007e-02,  8.34228843e-02,  4.18713279e-02,\n",
       "       -1.69607103e-01, -7.73604363e-02, -1.12289459e-01, -6.87781051e-02,\n",
       "        1.51670277e-01, -6.56261146e-02, -1.89041659e-01, -4.73188981e-02,\n",
       "       -9.90853384e-02,  2.01490685e-01, -1.55870557e-01, -6.07141070e-02,\n",
       "        1.09005332e-01, -3.73917297e-02, -2.52635553e-02,  3.36289078e-01,\n",
       "        1.30423337e-01,  1.37470558e-01, -1.19135670e-01,  8.41964185e-02,\n",
       "        2.21944377e-02,  6.16676658e-02,  2.05190969e-03,  5.69255501e-02,\n",
       "        7.42810071e-02,  3.54192257e-02, -5.38172238e-02, -1.01759881e-01,\n",
       "       -1.04013331e-01,  2.36600563e-01,  1.32183367e-02,  4.82547432e-02,\n",
       "       -2.02955559e-01, -1.92045555e-01, -2.57517666e-01, -5.61015531e-02,\n",
       "        9.50309932e-02, -6.86463341e-02, -8.67629945e-02,  2.10163549e-01,\n",
       "        2.86691785e-01,  4.35525067e-02, -3.91781069e-02,  1.78424511e-02,\n",
       "        6.13313317e-02,  3.16605568e-01,  1.15799837e-01, -2.29310826e-03,\n",
       "        1.42308652e-01,  1.54646665e-01,  4.15497385e-02,  1.16552882e-01,\n",
       "       -1.42769441e-01, -1.79315954e-01, -8.10479969e-02,  1.34150669e-01,\n",
       "        1.08760141e-01, -1.68406978e-01,  1.66159332e-01,  1.05251119e-01],\n",
       "      dtype=float32)"
      ]
     },
     "execution_count": 25,
     "metadata": {},
     "output_type": "execute_result"
    }
   ],
   "source": [
    "doc = nlp(u\"The quick brown fox jumped over the lazy dogs\")\n",
    "doc.vector"
   ]
  },
  {
   "cell_type": "code",
   "execution_count": 26,
   "id": "0e949019-8bb4-45b1-a04c-4bc33b155b6e",
   "metadata": {},
   "outputs": [],
   "source": [
    "# Compare tokens of NLP object using similarity"
   ]
  },
  {
   "cell_type": "code",
   "execution_count": 27,
   "id": "62022473",
   "metadata": {
    "scrolled": true
   },
   "outputs": [
    {
     "name": "stdout",
     "output_type": "stream",
     "text": [
      "The The 1.0\n",
      "The quick 0.3498294949531555\n",
      "The brown 0.14395619928836823\n",
      "The fox 0.021574076265096664\n",
      "The jumped 0.0929754227399826\n",
      "The over 0.3325502872467041\n",
      "The the 0.9999998807907104\n",
      "The lazy 0.1890910267829895\n",
      "The dogs 0.0877172127366066\n",
      "quick The 0.3498294949531555\n",
      "quick quick 1.0\n",
      "quick brown 0.2930326461791992\n",
      "quick fox -0.008517815731465816\n",
      "quick jumped 0.2601609230041504\n",
      "quick over 0.3181842267513275\n",
      "quick the 0.3498294949531555\n",
      "quick lazy 0.40984803438186646\n",
      "quick dogs 0.21570536494255066\n",
      "brown The 0.14395619928836823\n",
      "brown quick 0.2930326461791992\n",
      "brown brown 1.0\n",
      "brown fox -0.023815736174583435\n",
      "brown jumped 0.13392853736877441\n",
      "brown over 0.3222866952419281\n",
      "brown the 0.14395619928836823\n",
      "brown lazy 0.0909266546368599\n",
      "brown dogs 0.1552591472864151\n",
      "fox The 0.021574076265096664\n",
      "fox quick -0.008517815731465816\n",
      "fox brown -0.023815736174583435\n",
      "fox fox 1.0\n",
      "fox jumped 0.06927168369293213\n",
      "fox over 0.11101238429546356\n",
      "fox the 0.021574076265096664\n",
      "fox lazy 0.25437259674072266\n",
      "fox dogs 0.12054309248924255\n",
      "jumped The 0.0929754227399826\n",
      "jumped quick 0.2601609230041504\n",
      "jumped brown 0.13392853736877441\n",
      "jumped fox 0.06927168369293213\n",
      "jumped jumped 1.0\n",
      "jumped over 0.21778607368469238\n",
      "jumped the 0.0929754227399826\n",
      "jumped lazy 0.4809236526489258\n",
      "jumped dogs 0.1624816358089447\n",
      "over The 0.3325502872467041\n",
      "over quick 0.3181842267513275\n",
      "over brown 0.3222866952419281\n",
      "over fox 0.11101238429546356\n",
      "over jumped 0.21778607368469238\n",
      "over over 1.0\n",
      "over the 0.3325502872467041\n",
      "over lazy 0.20860472321510315\n",
      "over dogs 0.1628008633852005\n",
      "the The 0.9999998807907104\n",
      "the quick 0.3498294949531555\n",
      "the brown 0.14395619928836823\n",
      "the fox 0.021574076265096664\n",
      "the jumped 0.0929754227399826\n",
      "the over 0.3325502872467041\n",
      "the the 1.0\n",
      "the lazy 0.1890910267829895\n",
      "the dogs 0.0877172127366066\n",
      "lazy The 0.1890910267829895\n",
      "lazy quick 0.40984803438186646\n",
      "lazy brown 0.0909266546368599\n",
      "lazy fox 0.25437259674072266\n",
      "lazy jumped 0.4809236526489258\n",
      "lazy over 0.20860472321510315\n",
      "lazy the 0.1890910267829895\n",
      "lazy lazy 1.0\n",
      "lazy dogs 0.20339643955230713\n",
      "dogs The 0.0877172127366066\n",
      "dogs quick 0.21570536494255066\n",
      "dogs brown 0.1552591472864151\n",
      "dogs fox 0.12054309248924255\n",
      "dogs jumped 0.1624816358089447\n",
      "dogs over 0.1628008633852005\n",
      "dogs the 0.0877172127366066\n",
      "dogs lazy 0.20339643955230713\n",
      "dogs dogs 1.0\n"
     ]
    }
   ],
   "source": [
    "tokens = doc\n",
    "for t1 in tokens:\n",
    "    for t2 in tokens:\n",
    "        print(t1.text,t2.text,t1.similarity(t2))"
   ]
  },
  {
   "cell_type": "code",
   "execution_count": 28,
   "id": "276bb65f-6f55-48d9-80fb-1957d1d75b86",
   "metadata": {},
   "outputs": [],
   "source": [
    "# To find similarity between two NLP objects"
   ]
  },
  {
   "cell_type": "code",
   "execution_count": 29,
   "id": "c9d0218e",
   "metadata": {},
   "outputs": [
    {
     "data": {
      "text/plain": [
       "0.31077107787132263"
      ]
     },
     "execution_count": 29,
     "metadata": {},
     "output_type": "execute_result"
    }
   ],
   "source": [
    "nlp(u\"Lion\").similarity(nlp(u\"Dog\"))"
   ]
  },
  {
   "cell_type": "code",
   "execution_count": null,
   "id": "3b2e0115-37d2-4fae-8005-4772d6f13037",
   "metadata": {},
   "outputs": [],
   "source": []
  }
 ],
 "metadata": {
  "kernelspec": {
   "display_name": "Python [conda env:base] *",
   "language": "python",
   "name": "conda-base-py"
  },
  "language_info": {
   "codemirror_mode": {
    "name": "ipython",
    "version": 3
   },
   "file_extension": ".py",
   "mimetype": "text/x-python",
   "name": "python",
   "nbconvert_exporter": "python",
   "pygments_lexer": "ipython3",
   "version": "3.13.9"
  }
 },
 "nbformat": 4,
 "nbformat_minor": 5
}
